4,1
4,0
0,534
0,532
0,530
0,513
0,509
0,501
0,494
0,490
0,487
0,486
0,485
0,476
0,474
0,472
0,467
0,459
0,453
0,446
0,439
0,427
0,423
0,415
0,414
0,413
378,2
0,410
378,1
0,409
378,3
0,406
378,0
0,404
0,402
0,401
0,398
0,392
604,4
0,389
600,1
0,386
600,3
0,354
600,0
0,341
0,338
0,336
599,1
0,332
599,3
0,331
599,0
0,326
0,310
604,1
0,298
604,3
0,296
604,0
0,295
0,294
603,1
0,291
603,3
0,288
0,355
0,280
603,0
0,279
377,1
0,277
377,3
0,243
377,0
375,2
375,1
375,3
376,1
375,0
376,5
376,3
376,0
0,9
0,278
0,273
0,276
0,272
0,271
0,270
0,275
0,12
0,347
0,10
0,8
0,0
0,571
0,469
0,268
0,417
0,434
0,267
0,433
0,266
0,484
0,265
0,344
0,264
0,535
0,263
0,429
0,262
0,302
0,441
0,261
0,399
0,465
0,260
0,466
0,428
0,259
0,531
0,258
0,564
0,426
0,257
0,464
0,256
0,463
0,255
0,556
0,254
0,507
0,253
0,385
0,460
0,252
0,551
0,422
0,251
0,475
0,250
0,431
0,420
0,249
0,545
0,419
0,248
0,493
0,247
0,522
0,554
0,246
0,543
0,418
0,245
0,438
0,244
0,301
0,416
0,242
0,458
0,506
0,241
0,343
0,240
0,546
0,239
0,442
0,456
0,238
0,533
0,237
4,2
4,3
4,41
4,42
4,45
4,64
4,69
4,75
4,81
5,0
5,1
5,3
6,0
6,1
6,3
6,4
6,6
7,0
7,2
7,4
7,5
7,7
7,8
7,10
7,12
8,0
8,2
8,3
8,5
8,6
8,8
8,10
8,11
8,13
8,14
8,16
8,18
9,0
9,2
9,3
9,5
9,6
10,0
10,2
10,3
10,6
10,8
10,13
10,18
10,20
10,22
10,26
10,34
10,68
10,72
10,76
10,88
10,96
10,100
10,108
10,112
12,3
12,1
10,123
10,131
10,137
10,145
10,154
10,158
10,169
10,173
10,176
10,181
10,182
10,197
10,200
10,203
10,208
10,209
10,211
10,215
10,224
10,225
10,227
10,228
11,2
11,10
10,246
10,247
10,248
11,20
11,18
10,250
10,255
11,17
10,270
10,271
10,272
10,280
10,284
10,290
10,294
10,296
10,297
10,194
10,214
10,301
10,302
10,306
10,308
10,312
10,314
11,5
11,7
11,8
11,11
11,12
11,15
11,21
11,22
11,25
11,26
11,28
11,29
15,0
15,2
15,3
16,1
16,2
17,0
17,2
17,3
18,1
18,3
19,1
19,2
20,0
20,2
20,3
373,1
373,2
373,4
373,6
374,0
374,3
376,2
376,10
599,2
600,2
600,4
377,2
376,6
374,1
373,5
373,3
373,0
20,1
19,3
19,0
18,0
17,1
16,3
16,0
15,1
11,30
11,27
11,23
11,16
11,13
11,9
11,6
11,4
10,310
10,304
10,299
10,298
10,77
10,292
10,287
10,277
11,19
10,260
11,24
10,249
11,14
11,1
10,231
11,3
11,0
10,220
10,210
10,206
10,201
10,189
10,180
10,174
10,166
10,151
10,136
12,2
10,114
12,0
10,106
10,94
10,74
10,64
10,27
10,21
10,14
10,11
10,5
10,1
9,7
9,4
9,1
8,17
8,15
8,12
8,9
8,7
8,4
8,1
7,11
7,9
7,6
7,3
7,1
6,5
6,2
5,5
5,2
4,84
4,70
4,68
4,43
4,32
0,359
0,236
0,350
0,235
0,363
0,234
0,548
0,233
0,537
0,232
0,553
0,231
0,362
0,230
0,450
0,229
0,518
0,228
0,452
0,227
0,505
0,226
0,552
0,451
0,225
0,491
0,224
0,449
0,223
0,529
0,222
0,306
0,221
0,517
0,220
0,448
0,219
0,218
0,512
0,217
0,320
0,216
0,215
0,540
0,396
0,214
0,470
0,213
0,394
0,212
0,345
0,211
0,503
0,210
0,342
0,209
0,304
0,390
0,208
0,480
0,207
0,358
0,206
0,555
0,205
0,519
0,204
0,361
0,203
0,357
0,202
0,309
0,201
0,307
0,200
0,305
0,199
0,523
0,198
0,351
0,197
0,483
0,300
0,196
0,516
0,195
0,498
0,194
0,541
0,297
0,193
0,520
0,192
0,511
0,63
0,542
0,62
0,443
0,61
0,538
0,292
0,60
0,496
0,59
0,58
0,335
0,57
0,515
0,56
0,550
0,287
0,55
0,495
0,514
0,54
0,528
0,53
0,425
0,284
0,52
0,405
0,283
0,51
0,50
0,510
0,573
0,49
0,524
0,48
0,525
0,47
0,366
0,46
0,436
0,45
0,360
0,504
0,348
0,502
0,339
0,489
0,373
0,478
0,337
0,473
0,462
0,372
0,457
0,346
0,454
0,334
0,316
0,349
0,315
0,365
0,314
0,321
0,312
0,371
0,308
0,330
0,303
0,356
0,286
0,333
0,281
0,352
0,274
0,370
0,575
0,329
0,574
0,327
0,572
0,323
0,570
0,322
0,569
0,369
0,568
0,368
0,567
0,364
0,565
0,367
0,563
0,430
0,562
0,328
0,561
0,340
0,560
0,395
0,559
0,325
0,558
0,324
0,527
0,547
0,269
0,6
0,5
0,1
0,11
0,4
0,2
0,3
0,7
